41.6200
41.0200
41.0100
63.4500
63.2500
64.2800
63.9200
63.8900
41.8100
41.9100
42.0200
41.8700
41.9900
42.0300
41.8600
41.9500
41.8000
41.7800
41.8600
41.9500
42.1100
42.0900
41.8000
41.9900
41.7700
41.9900
41.9600
42.0700
41.8000
41.8200
41.9200
42.0100
42.0700
41.9000
41.9400
41.8800
41.8400
42.1000
41.9700
41.9700
41.8900
41.8600
41.7900
41.8400
41.9000
42.0000
41.8800
41.8200
42.0000
41.9300
41.9800
41.8100
42.0800
42.2000
42.3700
43.3200
42.6200
42.2200
42.2400
42.2100
42.2100
42.4200
42.4600
42.3300
42.3800
42.3900
42.2700
42.2000
42.6200
42.7600
41.9500
42.3500
42.2700
42.4000
42.2100
43.0200
44.3800
45.9800
45.8500
45.0900
44.9900
45.2300
45.5700
43.7400
42.4000
41.7100
42.1900
42.2500
42.6100
42.6000
42.9400
42.4900
42.5100
42.8100
42.3900
42.6600
42.7700
42.7100
42.6700
42.5800
42.4400
42.4800
43.0000
43.3600
42.8800
42.5400
42.3200
42.4000
