86.2800
84.7600
85.7900
84.2900
84.4000
84.3900
84.0300
84.6300
84.6700
83.8900
84.1900
84.3500
84.3000
84.2200
84.2200
84.6900
84.1700
84.6800
84.6300
84.8800
84.5500
83.8200
84.2300
84.9300
84.3800
84.1200
83.7900
83.7600
84.5300
83.8100
84.8800
85.4300
84.5400
84.2200
84.8900
84.6900
84.3400
84.3400
84.6200
84.2200
84.2500
83.8900
83.9300
83.9300
83.9300
83.9200
84.0000
83.9400
83.8700
83.9300
84.0300
83.9000
84.0500
84.0100
83.9500
83.9100
84.0100
83.9800
83.9300
83.9900
83.9900
84.0600
83.8700
83.9500
84.0000
83.9700
83.9800
83.9400
83.7800
83.7900
83.8700
83.8500
83.8100
83.8000
83.9500
83.8000
83.7700
83.9300
83.9800
83.7900
83.9000
83.8200
83.8900
83.8900
83.8300
83.8300
83.9500
83.8100
83.8600
83.8800
83.9800
83.8300
83.9300
83.7800
83.8800
83.8900
83.8500
83.8000
84.4800
84.4500
