20.7400
21.1800
19.5100
19.2300
19.5700
19.3700
19.4200
19.3800
19.3400
19.3100
19.3700
19.4400
19.5600
19.6400
19.4200
19.4100
19.4600
19.2900
19.2400
19.3600
19.3000
19.4000
19.4300
19.5400
19.4000
19.5100
19.3900
19.3500
19.3500
19.1500
19.2800
19.3200
19.1900
19.3000
19.3700
19.3000
19.2600
19.3900
20.1900
20.0400
19.8500
19.7300
20.2200
19.2200
19.2500
19.2000
19.1600
19.2200
19.2900
19.2700
19.3000
19.2100
19.2800
19.3000
19.2100
19.2100
19.1900
19.1900
19.2600
19.2000
19.1800
19.2400
19.2500
19.2700
19.2500
19.3000
19.3000
19.2200
19.4500
19.4400
19.2800
19.2700
19.3000
19.2400
19.3200
19.3500
19.3200
19.3400
19.3800
19.3200
19.3500
19.2400
19.3900
19.3900
19.3000
19.2200
19.3500
19.2400
19.3400
19.4000
19.4700
19.3700
19.4200
19.5800
19.3300
19.3300
19.3800
19.3400
19.3900
19.4400
19.3200
19.3300
