21.1000
21.0200
21.2400
36.4100
34.9700
29.9800
27.5800
36.5000
36.4900
34.8700
22.3400
21.7200
22.5700
22.1900
21.7100
21.4900
21.2400
21.0400
32.9400
35.4800
35.3300
35.6600
36.0700
35.8800
35.9600
36.1800
36.0300
36.2700
26.6000
21.2000
21.0500
20.9900
21.0900
20.9000
20.9000
20.9200
20.9000
20.8900
20.9700
21.0800
21.0700
21.0700
21.1000
21.1200
20.9700
21.0300
21.0000
20.9200
20.9200
20.9700
20.9700
21.0700
21.0100
21.1100
21.0800
21.0300
21.0100
20.9900
21.0100
20.8900
20.8900
20.9200
20.8900
20.9000
20.9300
20.9800
21.0900
21.0500
20.9700
20.8900
20.9000
20.9500
20.9600
20.9000
20.9200
20.9500
20.8900
21.0200
21.1000
21.0000
21.0300
21.0600
20.9900
20.9800
20.9900
21.0500
20.9800
20.9900
21.0000
21.0300
20.9800
20.9900
21.0400
21.0500
21.0400
21.0200
21.0000
20.9700
21.0800
20.9900
21.0200
21.0200
