46.1700
48.7800
49.3000
50.2400
49.9700
50.8100
50.3600
29.9100
29.8100
29.8400
29.9300
30.0800
30.0200
30.0100
29.9800
29.9400
29.8700
29.8100
29.8000
29.8500
30.0400
29.9300
30.0800
30.0800
30.0400
30.0100
30.2700
29.9600
29.9900
29.9800
29.9400
29.9700
29.8100
29.7900
29.8000
29.8200
30.0300
30.0000
29.9900
30.0700
30.0600
30.0100
29.9300
29.9900
29.8500
29.8100
29.8000
29.8200
29.9400
29.8000
29.9100
29.9700
29.8500
29.9300
29.9900
29.9700
29.9600
30.3300
30.2700
30.0900
30.4000
30.1300
30.1500
30.1700
30.3100
30.0900
30.1700
30.0900
30.5600
30.4400
30.3300
30.6800
30.4100
30.2300
29.8800
29.8500
30.0300
29.9400
30.0300
30.0500
30.1300
30.0800
29.9200
29.9400
29.8900
29.8800
29.8100
29.8700
30.1000
29.9600
30.0300
30.0800
30.0700
30.0200
29.9600
29.9800
30.0200
29.9800
29.8500
29.8300
29.8100
29.8400
29.9400
30.0400
29.9000
30.4800
29.8400
